waypoints:
- latitude: 49.6014738
  longitude: 15.9407508
  yaw: 0.0
- latitude: 49.6014249
  longitude: 15.9407551
  yaw: 1.57
- latitude: 49.6014204
  longitude: 15.9406917
  yaw: 3.14
- latitude: 49.6014779
  longitude: 15.9406813
  yaw: 4.71
